1986 96324
97784 68493
298970 296897
104413 32797
742268 739636
67016 88876
41132 53877
16200 60585
633468 632216
112032 11423
111285 77793
59697 29059
81967 70556
899312 899235
80753 21728
19775 29050
86403 108299
37666 69849
23414 35594
35062 86236
99147 112518
57374 86110
53560 39819
46811 43797
58816 11163
412342 412974
113155 28768
15219 2599
41537 84656
576377 576980
18696 70920
61760 13012
59665 59749
492520 493336
92365 35926
744090 743077
618283 618977
124491 128414
23960 7229
89384 69867
438476 441251
11935 49176
549132 551451
91949 28638
79379 103359
60067 82078
70054 23187
88472 59221
132677 117472
401152 402445
26354 82372
40614 40297
222509 217463
682669 683673
64267 26748
112750 67583
586192 583356
46432 33444
26555 35356
295394 296552
107355 69647
721977 722897
68554 106190
32102 30155
37391 39628
844677 846968
101251 3508
73205 76108
109473 58435
27326 96016
101525 59658
97306 57832
47511 67445
528055 528938
228493 232220
53966 46892
55557 87205
48288 52053
18678 54079
32389 90510
195272 192402
118489 128573
83836 68958
233598 227746
104995 19442
234441 234313
67383 8475
745450 747014
46384 61305
48291 100318
34505 5810
95620 46432
171851 176692
97650 40248
689063 688643
57626 50250
992951 992245
595979 591809
890774 891662
28216 34074
60138 88686
46343 101030
39378 51947
900492 892099
898768 890312
73975 78925
38256 56027
7456 26834
46680 112149
369615 375975
47751 97420
67611 52284
340551 353096
99838 82994
265645 263142
108734 66352
75007 17971
104749 2301
106986 90918
292593 292548
